1 194 126
2 519 50
3 787 64
4 934 82
5 1501 104
6 1668 107
7 1849 75
8 140 271
9 291 267
10 692 242
11 791 235
12 873 221
13 1041 240
14 1209 176
15 1350 163
16 1536 237
17 1827 305
18 75 352
19 207 371
20 370 318
21 542 395
22 808 421
23 932 333
24 1148 319
25 1235 348
26 1365 236
27 1377 318
28 1445 301
29 1664 351
30 1946 368
31 117 422
32 300 474
33 456 427
34 699 463
35 847 517
36 904 513
37 988 411
38 1194 428
39 1293 405
40 1419 463
41 1479 437
42 1831 459
43 32 523
44 221 566
45 368 591
46 477 549
47 595 500
48 739 591
49 951 597
50 1061 523
51 1239 509
52 1343 478
53 1439 553
54 1510 529
55 1683 534
56 1897 568
57 117 630
58 272 639
59 313 678
60 396 674
61 510 698
62 591 675
63 753 747
64 845 713
65 940 694
66 994 683
67 1131 639
68 1276 634
69 1381 600
70 1510 643
71 1659 642
72 1797 644
73 94 716
74 162 797
75 248 763
76 369 751
77 427 823
78 540 811
79 609 788
80 777 832
81 920 866
82 971 821
83 1089 767
84 1219 695
85 1271 727
86 1404 765
87 1520 775
88 1578 807
89 1653 773
90 1743 775
91 1888 741
92 41 872
93 59 930
94 167 895
95 232 880
96 510 962
97 584 936
98 659 901
99 736 891
100 879 933
101 1000 883
102 1170 796
103 1283 790
104 1398 843
105 1706 873
106 1815 903
107 1924 921
118 1677 1026
109 609 1080
110 734 964
111 759 1028
112 798 991
113 923 1019
114 1028 982
115 1165 909
116 1402 1015
117 1562 1077
128 1404 1129
119 1866 1133
120 44 1259
121 115 1264
122 213 1249
123 461 1223
124 599 1173
125 840 1098
126 1096 1035
127 1256 1093
159 1491 1424
129 1552 1153
130 811 1202
131 863 1154
132 1040 1109
133 1182 1246
134 1316 1185
135 1597 1205
136 1838 1315
137 405 1326
138 650 1270
139 795 1278
140 1037 1241
141 1247 1271
142 1393 1297
143 1540 1276
144 72 1488
145 150 1470
146 235 1460
147 318 1432
148 410 1411
149 492 1401
150 576 1367
151 631 1417
152 698 1331
153 729 1405
154 895 1350
155 936 1454
156 1056 1453
157 1136 1460
158 1288 1385
171 1306 1636
160 1586 1449
161 1735 1440
162 1917 1434
163 219 1521
164 311 1523
165 523 1551
166 690 1500
167 849 1527
168 897 1577
169 1053 1557
170 1137 1539
200 1709 1811
172 1432 1560
173 1651 1624
174 1815 1550
175 1896 1637
176 38 1640
177 126 1616
178 273 1588
179 438 1624
180 541 1650
181 641 1608
182 685 1630
183 792 1565
184 987 1657
185 1098 1742
186 1208 1720
187 1356 1733
188 1554 1710
189 132 1778
190 212 1843
191 349 1725
192 358 1874
193 618 1724
194 649 1761
195 726 1763
196 845 1685
197 866 1785
198 1289 1870
199 1582 1901
